Model: DecisionTree

=== Klasyfikacja szczegółowa ===
              precision    recall  f1-score   support

           0     0.9705    0.9705    0.9705       305
           1     0.9887    1.0000    0.9943       526
           2     0.9704    0.9736    0.9720       303
           3     0.6875    0.5593    0.6168        59
           4     0.9872    0.9974    0.9923       388
           5     0.9981    1.0000    0.9990       521
           6     0.9832    0.9962    0.9897       530
           7     0.9825    1.0000    0.9912       450
           8     0.6857    0.5854    0.6316        41
           9     0.9799    1.0000    0.9899       439
          10     0.9896    0.9930    0.9913       573
          11     0.9917    0.9983    0.9950       599
          12     0.9943    0.9943    0.9943       529
          13     0.9643    0.8852    0.9231        61
          14     0.9783    0.9956    0.9868       452
          15     0.9924    1.0000    0.9962       525
          16     0.9756    0.9329    0.9538       343
          17     0.9810    0.9936    0.9872       467
          18     0.7391    0.7907    0.7640        43
          19     0.9610    0.9164    0.9382       323
          20     0.9836    0.9976    0.9906       422
          21     0.9025    0.8741    0.8881       286
          22     0.9891    0.9956    0.9923       454
          23     0.6780    0.6780    0.6780        59
          24     0.9062    0.9255    0.9158        94
          25     0.9918    0.9938    0.9928       486
          26     0.6875    0.6667    0.6769        66
          27     0.9929    0.9929    0.9929       422
          28     0.9979    1.0000    0.9989       466
          29     0.6857    0.5714    0.6234        42
          30     0.9310    0.6923    0.7941        39
          31     0.9429    0.9519    0.9474       104
          32     0.8537    0.8537    0.8537        41
          33     0.9913    1.0000    0.9956       454
          34     0.9905    0.9835    0.9870       425
          35     0.9903    0.9951    0.9927       410

    accuracy                         0.9757     11747
   macro avg     0.9254    0.9099    0.9166     11747
weighted avg     0.9750    0.9757    0.9752     11747


=== Średnie metryki z cross-validation ===
Accuracy: 0.9755
Precision (macro): 0.9268
Recall (macro): 0.9044
F1 Score (macro): 0.9121

Czas treningu: 49.77 sekund
