Model: KNN

=== Klasyfikacja szczegółowa ===
              precision    recall  f1-score   support

           0     0.9933    0.9770    0.9851       305
           1     0.9361    0.9753    0.9553       526
           2     0.9434    0.9901    0.9662       303
           3     0.8542    0.6949    0.7664        59
           4     0.9636    0.9562    0.9599       388
           5     0.7767    0.8944    0.8314       521
           6     0.9343    0.9660    0.9499       530
           7     0.9469    0.9911    0.9685       450
           8     0.8649    0.7805    0.8205        41
           9     0.9567    0.9066    0.9310       439
          10     0.9719    0.9651    0.9685       573
          11     0.9884    1.0000    0.9942       599
          12     0.8449    0.9168    0.8794       529
          13     0.9836    0.9836    0.9836        61
          14     0.9667    0.9004    0.9324       452
          15     0.9793    0.9905    0.9848       525
          16     0.9911    0.9767    0.9838       343
          17     0.9849    0.9764    0.9806       467
          18     0.9500    0.8837    0.9157        43
          19     0.9749    0.9628    0.9688       323
          20     0.9882    0.9953    0.9917       422
          21     0.9849    0.9126    0.9474       286
          22     0.8810    0.8965    0.8886       454
          23     0.8214    0.7797    0.8000        59
          24     0.9885    0.9149    0.9503        94
          25     0.8120    0.8354    0.8235       486
          26     0.7260    0.8030    0.7626        66
          27     0.8778    0.8507    0.8640       422
          28     0.9894    0.9979    0.9936       466
          29     0.6667    0.5238    0.5867        42
          30     0.9714    0.8718    0.9189        39
          31     0.9904    0.9904    0.9904       104
          32     0.9286    0.9512    0.9398        41
          33     0.7921    0.7974    0.7947       454
          34     0.9609    0.8682    0.9122       425
          35     0.8835    0.7585    0.8163       410

    accuracy                         0.9265     11747
   macro avg     0.9186    0.9010    0.9085     11747
weighted avg     0.9280    0.9265    0.9264     11747


=== Średnie metryki z cross-validation ===
Accuracy: 0.9265
Precision (macro): 0.9209
Recall (macro): 0.9008
F1 Score (macro): 0.9074

Czas treningu: 2.68 sekund
