Model: LogisticRegression

=== Klasyfikacja szczegółowa ===
              precision    recall  f1-score   support

           0     0.9800    0.9639    0.9719       305
           1     0.9868    0.9981    0.9924       526
           2     0.9900    0.9835    0.9868       303
           3     0.9608    0.8305    0.8909        59
           4     0.9747    0.9948    0.9847       388
           5     0.9691    0.9616    0.9653       521
           6     0.9887    0.9925    0.9906       530
           7     0.9933    0.9956    0.9945       450
           8     0.8500    0.8293    0.8395        41
           9     0.9909    0.9954    0.9932       439
          10     0.9930    0.9930    0.9930       573
          11     0.9967    1.0000    0.9983       599
          12     0.9698    0.9698    0.9698       529
          13     0.9508    0.9508    0.9508        61
          14     0.9956    0.9934    0.9945       452
          15     1.0000    1.0000    1.0000       525
          16     0.9912    0.9825    0.9868       343
          17     0.9831    0.9957    0.9894       467
          18     0.9302    0.9302    0.9302        43
          19     0.9658    0.9628    0.9643       323
          20     0.9906    1.0000    0.9953       422
          21     0.9604    0.9336    0.9468       286
          22     0.9400    0.9670    0.9533       454
          23     0.8333    0.8475    0.8403        59
          24     0.9886    0.9255    0.9560        94
          25     0.9450    0.9547    0.9498       486
          26     0.8333    0.8333    0.8333        66
          27     0.9539    0.9313    0.9424       422
          28     0.9873    1.0000    0.9936       466
          29     0.8857    0.7381    0.8052        42
          30     0.9688    0.7949    0.8732        39
          31     0.9810    0.9904    0.9856       104
          32     1.0000    0.9512    0.9750        41
          33     0.9503    0.9692    0.9597       454
          34     0.9529    0.9529    0.9529       425
          35     0.9902    0.9878    0.9890       410

    accuracy                         0.9757     11747
   macro avg     0.9617    0.9472    0.9538     11747
weighted avg     0.9756    0.9757    0.9755     11747


=== Średnie metryki z cross-validation ===
Accuracy: 0.9757
Precision (macro): 0.9639
Recall (macro): 0.9472
F1 Score (macro): 0.9534

Czas treningu: 38.64 sekund
