Model: MLP

=== Klasyfikacja szczegółowa ===
              precision    recall  f1-score   support

           0     0.9834    0.9738    0.9786       305
           1     0.9924    0.9981    0.9953       526
           2     0.9967    0.9934    0.9950       303
           3     0.9245    0.8305    0.8750        59
           4     0.9949    0.9974    0.9961       388
           5     0.9867    0.9962    0.9914       521
           6     1.0000    0.9925    0.9962       530
           7     0.9956    1.0000    0.9978       450
           8     0.9231    0.8780    0.9000        41
           9     0.9910    1.0000    0.9955       439
          10     0.9948    1.0000    0.9974       573
          11     0.9983    1.0000    0.9992       599
          12     0.9962    0.9981    0.9972       529
          13     1.0000    0.9508    0.9748        61
          14     0.9934    0.9978    0.9956       452
          15     0.9924    1.0000    0.9962       525
          16     0.9913    0.9913    0.9913       343
          17     0.9915    1.0000    0.9957       467
          18     1.0000    0.8605    0.9250        43
          19     0.9812    0.9721    0.9767       323
          20     0.9883    1.0000    0.9941       422
          21     0.9679    0.9476    0.9576       286
          22     0.9912    0.9956    0.9934       454
          23     0.8621    0.8475    0.8547        59
          24     0.9785    0.9681    0.9733        94
          25     0.9979    0.9959    0.9969       486
          26     0.8000    0.8485    0.8235        66
          27     0.9929    0.9882    0.9905       422
          28     0.9915    1.0000    0.9957       466
          29     0.8000    0.6667    0.7273        42
          30     0.9412    0.8205    0.8767        39
          31     1.0000    1.0000    1.0000       104
          32     1.0000    1.0000    1.0000        41
          33     0.9847    0.9934    0.9890       454
          34     0.9906    0.9882    0.9894       425
          35     0.9903    0.9976    0.9939       410

    accuracy                         0.9888     11747
   macro avg     0.9723    0.9580    0.9646     11747
weighted avg     0.9886    0.9888    0.9886     11747


=== Średnie metryki z cross-validation ===
Accuracy: 0.9888
Precision (macro): 0.9732
Recall (macro): 0.9614
F1 Score (macro): 0.9662

Czas treningu: 121.74 sekund
