Model: NaiveBayes

=== Klasyfikacja szczegółowa ===
              precision    recall  f1-score   support

           0     0.9655    0.9180    0.9412       305
           1     0.8691    0.9468    0.9063       526
           2     0.9479    0.9604    0.9541       303
           3     0.5443    0.7288    0.6232        59
           4     0.8250    0.6804    0.7458       388
           5     0.6729    0.5528    0.6070       521
           6     0.9014    0.5868    0.7109       530
           7     0.8917    0.7867    0.8359       450
           8     0.8205    0.7805    0.8000        41
           9     0.8818    0.8497    0.8654       439
          10     0.8458    0.8901    0.8673       573
          11     0.9703    0.8715    0.9182       599
          12     0.5585    0.7127    0.6262       529
          13     0.8413    0.8689    0.8548        61
          14     0.8575    0.8650    0.8612       452
          15     0.9938    0.9086    0.9493       525
          16     0.9969    0.9417    0.9685       343
          17     0.6703    0.9229    0.7766       467
          18     0.6863    0.8140    0.7447        43
          19     0.9167    0.9536    0.9347       323
          20     0.9906    0.9976    0.9941       422
          21     0.8786    0.8601    0.8693       286
          22     0.5797    0.5529    0.5660       454
          23     0.4684    0.6271    0.5362        59
          24     0.9884    0.9043    0.9444        94
          25     0.5830    0.5782    0.5806       486
          26     0.1938    0.3788    0.2564        66
          27     0.5833    0.5640    0.5735       422
          28     1.0000    1.0000    1.0000       466
          29     0.5079    0.7619    0.6095        42
          30     0.6226    0.8462    0.7174        39
          31     1.0000    0.9231    0.9600       104
          32     0.8780    0.8780    0.8780        41
          33     0.5294    0.5154    0.5223       454
          34     0.7451    0.6259    0.6803       425
          35     0.6220    0.8146    0.7054       410

    accuracy                         0.7868     11747
   macro avg     0.7730    0.7880    0.7746     11747
weighted avg     0.8004    0.7868    0.7887     11747


=== Średnie metryki z cross-validation ===
Accuracy: 0.7868
Precision (macro): 0.7771
Recall (macro): 0.7880
F1 Score (macro): 0.7747

Czas treningu: 3.75 sekund
