Model: NeuralNet_TF

=== Klasyfikacja szczegółowa ===
              precision    recall  f1-score   support

           0     1.0000    0.9672    0.9833        61
           1     1.0000    1.0000    1.0000       105
           2     0.9677    0.9836    0.9756        61
           3     1.0000    0.8333    0.9091        12
           4     1.0000    0.9872    0.9935        78
           5     0.9905    1.0000    0.9952       104
           6     0.9815    1.0000    0.9907       106
           7     1.0000    0.9889    0.9944        90
           8     1.0000    0.8750    0.9333         8
           9     1.0000    0.9886    0.9943        88
          10     1.0000    1.0000    1.0000       115
          11     1.0000    1.0000    1.0000       120
          12     1.0000    1.0000    1.0000       106
          13     1.0000    1.0000    1.0000        12
          14     1.0000    1.0000    1.0000        90
          15     1.0000    1.0000    1.0000       105
          16     1.0000    1.0000    1.0000        69
          17     1.0000    1.0000    1.0000        93
          18     1.0000    1.0000    1.0000         9
          19     0.9846    0.9846    0.9846        65
          20     0.9882    1.0000    0.9941        84
          21     0.9643    0.9474    0.9558        57
          22     0.9785    1.0000    0.9891        91
          23     0.8571    1.0000    0.9231        12
          24     1.0000    1.0000    1.0000        19
          25     1.0000    0.9897    0.9948        97
          26     0.7500    0.9231    0.8276        13
          27     1.0000    0.9762    0.9880        84
          28     1.0000    1.0000    1.0000        93
          29     0.8333    0.6250    0.7143         8
          30     1.0000    1.0000    1.0000         8
          31     1.0000    1.0000    1.0000        21
          32     1.0000    1.0000    1.0000         8
          33     0.9891    1.0000    0.9945        91
          34     0.9884    1.0000    0.9942        85
          35     1.0000    1.0000    1.0000        82

    accuracy                         0.9915      2350
   macro avg     0.9798    0.9742    0.9758      2350
weighted avg     0.9918    0.9915    0.9914      2350


=== Średnie metryki z cross-validation ===
Accuracy: 0.9915
Precision (macro): 0.9798
Recall (macro): 0.9742
F1 Score (macro): 0.9758

Czas treningu: 12.74 sekund
