Model: NeuralNet_PT

=== Klasyfikacja szczegółowa ===
              precision    recall  f1-score   support

           0     1.0000    0.9836    0.9917        61
           1     0.9906    1.0000    0.9953       105
           2     1.0000    0.9672    0.9833        61
           3     0.8182    0.7500    0.7826        12
           4     0.9873    1.0000    0.9936        78
           5     1.0000    1.0000    1.0000       104
           6     0.9907    1.0000    0.9953       106
           7     1.0000    1.0000    1.0000        90
           8     1.0000    0.8750    0.9333         8
           9     1.0000    0.9886    0.9943        88
          10     1.0000    1.0000    1.0000       115
          11     0.9917    1.0000    0.9959       120
          12     1.0000    1.0000    1.0000       106
          13     0.9231    1.0000    0.9600        12
          14     1.0000    0.9778    0.9888        90
          15     1.0000    1.0000    1.0000       105
          16     1.0000    1.0000    1.0000        69
          17     1.0000    1.0000    1.0000        93
          18     1.0000    0.8889    0.9412         9
          19     0.9848    1.0000    0.9924        65
          20     1.0000    1.0000    1.0000        84
          21     0.9194    1.0000    0.9580        57
          22     0.9891    1.0000    0.9945        91
          23     0.8000    1.0000    0.8889        12
          24     1.0000    1.0000    1.0000        19
          25     1.0000    1.0000    1.0000        97
          26     1.0000    0.4615    0.6316        13
          27     1.0000    1.0000    1.0000        84
          28     1.0000    1.0000    1.0000        93
          29     0.7000    0.8750    0.7778         8
          30     1.0000    1.0000    1.0000         8
          31     1.0000    0.9524    0.9756        21
          32     1.0000    1.0000    1.0000         8
          33     1.0000    0.9890    0.9945        91
          34     1.0000    1.0000    1.0000        85
          35     0.9880    1.0000    0.9939        82

    accuracy                         0.9911      2350
   macro avg     0.9745    0.9641    0.9656      2350
weighted avg     0.9917    0.9911    0.9906      2350


=== Średnie metryki z cross-validation ===
Accuracy: 0.9911
Precision (macro): 0.9745
Recall (macro): 0.9641
F1 Score (macro): 0.9656

Czas treningu: 14.91 sekund
