Model: RandomForest

=== Klasyfikacja szczegółowa ===
              precision    recall  f1-score   support

           0     0.9900    0.9770    0.9835       305
           1     0.9943    1.0000    0.9972       526
           2     0.9836    0.9901    0.9868       303
           3     0.8846    0.7797    0.8288        59
           4     0.9974    1.0000    0.9987       388
           5     1.0000    1.0000    1.0000       521
           6     0.9981    1.0000    0.9991       530
           7     0.9890    1.0000    0.9945       450
           8     0.9730    0.8780    0.9231        41
           9     0.9932    1.0000    0.9966       439
          10     0.9965    1.0000    0.9983       573
          11     0.9967    1.0000    0.9983       599
          12     1.0000    1.0000    1.0000       529
          13     0.9828    0.9344    0.9580        61
          14     0.9978    1.0000    0.9989       452
          15     0.9981    1.0000    0.9990       525
          16     0.9911    0.9738    0.9824       343
          17     1.0000    0.9979    0.9989       467
          18     0.9762    0.9535    0.9647        43
          19     0.9574    0.9752    0.9663       323
          20     0.9860    1.0000    0.9929       422
          21     0.9749    0.9510    0.9628       286
          22     1.0000    0.9978    0.9989       454
          23     0.8868    0.7966    0.8393        59
          24     0.9890    0.9574    0.9730        94
          25     1.0000    1.0000    1.0000       486
          26     0.7727    0.7727    0.7727        66
          27     0.9976    1.0000    0.9988       422
          28     0.9979    1.0000    0.9989       466
          29     0.7442    0.7619    0.7529        42
          30     0.9048    0.9744    0.9383        39
          31     1.0000    1.0000    1.0000       104
          32     0.9268    0.9268    0.9268        41
          33     0.9978    1.0000    0.9989       454
          34     0.9977    1.0000    0.9988       425
          35     0.9951    1.0000    0.9976       410

    accuracy                         0.9905     11747
   macro avg     0.9686    0.9611    0.9645     11747
weighted avg     0.9904    0.9905    0.9904     11747


=== Średnie metryki z cross-validation ===
Accuracy: 0.9900
Precision (macro): 0.9718
Recall (macro): 0.9588
F1 Score (macro): 0.9637

Czas treningu: 211.90 sekund
