Model: SVM

=== Klasyfikacja szczegółowa ===
              precision    recall  f1-score   support

           0     0.9901    0.9803    0.9852       305
           1     0.9795    0.9981    0.9887       526
           2     0.9678    0.9934    0.9805       303
           3     0.8868    0.7966    0.8393        59
           4     0.9918    0.9304    0.9601       388
           5     0.8716    0.8599    0.8657       521
           6     0.9722    0.9906    0.9813       530
           7     0.9672    0.9178    0.9418       450
           8     0.9474    0.8780    0.9114        41
           9     0.9799    1.0000    0.9899       439
          10     0.9693    0.9930    0.9810       573
          11     0.9884    0.9983    0.9934       599
          12     0.8303    0.9338    0.8790       529
          13     1.0000    0.9672    0.9833        61
          14     1.0000    0.9535    0.9762       452
          15     1.0000    1.0000    1.0000       525
          16     0.9883    0.9825    0.9854       343
          17     0.9957    0.9807    0.9881       467
          18     1.0000    0.9070    0.9512        43
          19     0.9461    0.9783    0.9619       323
          20     1.0000    0.9834    0.9916       422
          21     0.9573    0.9406    0.9489       286
          22     0.7580    0.6762    0.7148       454
          23     0.8361    0.8644    0.8500        59
          24     0.9884    0.9043    0.9444        94
          25     0.9039    0.8128    0.8559       486
          26     0.7397    0.8182    0.7770        66
          27     0.7192    0.7464    0.7326       422
          28     0.9979    1.0000    0.9989       466
          29     0.7778    0.6667    0.7179        42
          30     0.9737    0.9487    0.9610        39
          31     1.0000    0.9808    0.9903       104
          32     1.0000    0.9268    0.9620        41
          33     0.8640    0.9515    0.9057       454
          34     0.8733    0.9247    0.8983       425
          35     0.9319    0.9341    0.9330       410

    accuracy                         0.9356     11747
   macro avg     0.9331    0.9200    0.9257     11747
weighted avg     0.9363    0.9356    0.9353     11747


=== Średnie metryki z cross-validation ===
Accuracy: 0.9356
Precision (macro): 0.9345
Recall (macro): 0.9203
F1 Score (macro): 0.9253

Czas treningu: 108.64 sekund
